807
808
809
814
815
816
821
822
823
824
825
826
827
828
829
837
838
840
841
842
846
847
848
864
865
877
878
879
880
881
882
883
884
885
896
897
898
899
902
903
904
905
906
907
908
909
918
919
922
923
924
926
927
928
945
946
947
948
949
950
951
952
953
954
955
958
959
960
961
962
963
964
965
966
967
968
969
970
971
972
977
978
979
980
985
986
991
992
993
994
995
999
1000
1001
1002
1003
1006
1007
1008
1010
1011
1012
1013
1014
1015
1019
1020
1021
1022
1023
1033
1034
1043
1044
1045
1046
1059
1060
1061
1062
1063
1064
1065
1068
1075
1085
1086
1093
1096
1101
1108
1113
1114
1115
1116
1117
1125
1126
1127
1128
1129
1132
1134
1135
1142
1143
1144
1146
1147
1150
1151
1152
1153
1154
1155
1161
1162
1163
1164
1168
1169
1170
1175
1176
1181
1182
1183
1184
1189
1190
1193
1194
1195
1200
1201
1202
1216
1217
1218
1224
1227
1228
1229
1230
1232
1233
1241
1242
1243
1244
1283
1284
1287
1289
1292
1293
1294
1320
1321
1329
1331
1336
1337
1338
1339
1340
1341
1342
1343
1344
1345
1346
1347
1348
1349
1350
1351
1352
1353
1354
1355
1356
1357
1358
1361
1362
1363
1364
1365
1366
1367
1368
1369
1370
1371
1372
1373
1374
1375
1376
1377
1385
1387
1390
1391
1398
1399
1401
1402
1415
1416
1419
1421
1434
1450
1451
1452
1453
1458
1459
1460
1461
1462
1463
1464
1465
1466
1467
1478
3809
3823
3824
3827
3828
3832
3833
3835
3852
3853
3854
3855
3856
3857
3858
3860
3861
3862
3929
